{
  "advancedEditorSelectedIdentifier" : "ProjectBrowser",
  "openSceneRelativePaths" : [
    "Immersive.usda",
    "Scene.usda"
  ],
  "recentIdentifiers" : {
    "D66134B1-3681-4A8E-AFE5-29F257229F3B" : [

    ]
  },
  "sceneCameraHistory" : {
    "AF09ED6F-1707-48FD-8720-65B998362C09" : [
      {
        "date" : 730351630.661964,
        "title" : "Untitled",
        "transform" : [
          1,
          0,
          -0,
          0,
          -0,
          0.8771555,
          -0.48020643,
          0,
          0,
          0.48020643,
          0.8771555,
          0,
          0,
          68.73156,
          116.929214,
          1
        ]
      }
    ],
    "D66134B1-3681-4A8E-AFE5-29F257229F3B" : [
      {
        "date" : 730351930.11889,
        "title" : "Untitled",
        "transform" : [
          0.9998071,
          -1.7343272e-09,
          0.019639896,
          0,
          0.011832907,
          0.798124,
          -0.6023769,
          0,
          -0.015675081,
          0.6024931,
          0.7979701,
          0,
          -0.0017586164,
          0.105456874,
          0.12524387,
          1
        ]
      },
      {
        "date" : 730351917.753012,
        "title" : "Untitled",
        "transform" : [
          0.9999868,
          -1.9689392e-09,
          -0.0051283315,
          0,
          -0.001421046,
          0.9608416,
          -0.27709448,
          0,
          0.0049275085,
          0.27709815,
          0.96082896,
          0,
          0.001508305,
          0.05335295,
          0.15574172,
          1
        ]
      },
      {
        "date" : 730351828.072466,
        "title" : "Untitled",
        "transform" : [
          0.9850775,
          -1.8464412e-09,
          0.17211145,
          0,
          0.105815664,
          0.788676,
          -0.60563445,
          0,
          -0.13574018,
          0.614809,
          0.77690697,
          0,
          -0.020763323,
          0.10748798,
          0.12296144,
          1
        ]
      },
      {
        "date" : 730351796.562269,
        "title" : "Untitled",
        "transform" : [
          0.9674392,
          4.6903637e-10,
          0.2531036,
          0,
          0.2525766,
          0.06449953,
          -0.9654247,
          0,
          -0.016325053,
          0.9979177,
          0.062399317,
          0,
          -0.00085347984,
          0.15788695,
          0.00967823,
          1
        ]
      },
      {
        "date" : 730351780.795095,
        "title" : "Untitled",
        "transform" : [
          0.96743923,
          4.696006e-09,
          0.25310364,
          0,
          0.2525766,
          0.06449941,
          -0.96542466,
          0,
          -0.016325034,
          0.9979177,
          0.062399246,
          0,
          -0.014235735,
          0.384472,
          0.073918596,
          1
        ]
      },
      {
        "date" : 730351640.346326,
        "title" : "Untitled",
        "transform" : [
          0.9994934,
          -2.1166631e-11,
          -0.031824727,
          0,
          -0.020303939,
          0.77004254,
          -0.6376693,
          0,
          0.024506398,
          0.6379925,
          0.76965255,
          0,
          0.009263655,
          0.24116738,
          0.29113615,
          1
        ]
      },
      {
        "date" : 730351630.704267,
        "title" : "Untitled",
        "transform" : [
          0.99999994,
          0,
          -0,
          0,
          -0,
          0.8660254,
          -0.49999988,
          0,
          0,
          0.49999988,
          0.8660254,
          0,
          0,
          0.18900484,
          0.32756603,
          1
        ]
      }
    ]
  },
  "selectedSceneRelativePath" : "Scene.usda"
}